0.517356 0.000010 0.482634
0.683487 0.000010 0.316503
0.492445 0.010743 0.496812
0.526534 0.000010 0.473456
0.657065 0.000010 0.342925
0.429101 0.041152 0.529747
0.557920 0.000010 0.442070
0.573424 0.017044 0.409532
0.642068 0.000010 0.357922
0.509390 0.018915 0.471695
0.000010 0.999980 0.000010
0.000010 0.999980 0.000010
0.010835 0.989155 0.000010
0.000010 0.999980 0.000010
0.000010 0.999980 0.000010
0.046861 0.953129 0.000010
0.000010 0.999980 0.000010
0.006263 0.993727 0.000010
0.008102 0.991888 0.000010
0.011461 0.988529 0.000010
0.000010 0.999980 0.000010
0.000010 0.999980 0.000010
0.999980 0.000010 0.000010
0.963432 0.036558 0.000010
0.953083 0.046907 0.000010
0.928809 0.056552 0.014638
0.999980 0.000010 0.000010
0.999980 0.000010 0.000010
0.883447 0.080827 0.035726
0.888190 0.088037 0.023773
0.850648 0.088815 0.060537
0.999980 0.000010 0.000010
0.901752 0.090122 0.008126
0.909445 0.050899 0.039656
0.848466 0.091401 0.060132
0.891162 0.068067 0.040771
0.781581 0.136750 0.081669
0.811243 0.110806 0.077951
0.923969 0.047255 0.028776
0.441204 0.120104 0.438693
0.482770 0.121275 0.395955
0.498950 0.089662 0.411388
0.720181 0.019219 0.260601
0.443351 0.135939 0.420710
0.692909 0.014394 0.292697
0.567490 0.071451 0.361060
0.614387 0.050631 0.334981
0.670553 0.031350 0.298098
0.406404 0.148266 0.445330
0.956525 0.043465 0.000010
0.922842 0.050968 0.026190
0.966779 0.033211 0.000010
0.952073 0.047917 0.000010
0.922265 0.060853 0.016882
0.922799 0.054721 0.022480
0.956982 0.043008 0.000010
0.926129 0.052485 0.021386
0.945665 0.054325 0.000010
0.946807 0.053183 0.000010
0.910092 0.061352 0.028556
0.945006 0.054984 0.000010
0.942206 0.057784 0.000010
0.858300 0.112369 0.029330
0.910713 0.068606 0.020681
0.878242 0.087862 0.033897
0.907028 0.092962 0.000010
0.843745 0.125798 0.030457
0.855676 0.118889 0.025435
0.909361 0.090629 0.000010
0.873604 0.121728 0.004668
0.860710 0.103646 0.035644
0.791201 0.122282 0.086517
0.813309 0.107989 0.078703
0.818041 0.088173 0.093786
0.747673 0.167859 0.084468
0.770919 0.145243 0.083838
0.781553 0.147201 0.071247
0.720225 0.164056 0.115720
0.693537 0.175285 0.131178
0.840280 0.091935 0.067785
0.808236 0.134592 0.057172
0.865982 0.082541 0.051477
0.849193 0.108126 0.042681
0.839344 0.124883 0.035773
0.842773 0.110868 0.046359
0.885007 0.089539 0.025454
0.983937 0.016053 0.000010
0.864548 0.111421 0.024031
0.854990 0.095087 0.049923
0.875014 0.103667 0.021318
0.841693 0.103872 0.054435
0.958919 0.041071 0.000010
0.081450 0.000010 0.918540
0.000010 0.000010 0.999980
0.006581 0.000010 0.993409
0.000010 0.000010 0.999980
0.000010 0.000010 0.999980
0.999980 0.000010 0.000010
0.943915 0.010831 0.045254
0.999980 0.000010 0.000010
0.999980 0.000010 0.000010
0.999980 0.000010 0.000010
0.942245 0.000010 0.057745
0.999980 0.000010 0.000010
0.916876 0.031967 0.051158
0.922859 0.000010 0.077131
0.591665 0.214041 0.194294
0.371718 0.350784 0.277498
0.593917 0.202659 0.203423
0.506419 0.259204 0.234377
0.458924 0.291220 0.249856
0.794128 0.072584 0.133289
0.603491 0.199002 0.197507
0.520424 0.253563 0.226012
0.531932 0.209077 0.258991
0.523061 0.217794 0.259145
0.650071 0.168554 0.181375
0.564725 0.218766 0.216509
0.781968 0.000010 0.218022
0.704618 0.014035 0.281347
0.815548 0.000010 0.184442
0.761951 0.000010 0.238039
0.707301 0.000010 0.292689
0.705022 0.000010 0.294968
0.734315 0.000010 0.265675
0.732156 0.000010 0.267834
0.820879 0.000010 0.179111
0.948194 0.000010 0.051796
0.900705 0.040678 0.058617
0.966698 0.000010 0.033292
0.890915 0.070072 0.039012
0.871421 0.089308 0.039271
0.999980 0.000010 0.000010
0.872774 0.104712 0.022514
0.903832 0.056133 0.040035
0.896582 0.055903 0.047515
0.950155 0.024132 0.025713
0.999155 0.000835 0.000010
0.979121 0.020869 0.000010
